633
656
764
822
1026
1431
2298
3223
3702
4673
5170
5777
6108
6513
6635
7682
7710
8070
8266
8769
8832
9256
9721
9738
9762
11383
11782
12144
13265
14149
14496
15157
15498
15577
15953
16603
16626
17506
18152
18381
18397
18446
18470
18519
18701
18707
18810
19163
19522
20333
20971
21222
21260
21542
21695
22083
22446
22870
23173
23249
23565
23697
24729
26399
26876
27551
28082
28156
28278
28445
29514
29719
30458
31463
31500
35128
35338
35867
36685
37721
38509
39686
39699
40002
40486
40915
41650
43367
43472
43646
45401
45478
45716
46219
47083
49019
49067
49518
49730
50041
50075
51185
53393
53625
53999
54578
55078
55195
55666
55926
56378
56938
57515
57896
58079
58096
58279
58335
58462
58613
58748
59044
59089
59178
59199
59355
60051
60135
60947
61220
62061
62825
62942
63527
63646
64281
65473
67284
67609
67669
67915
68334
68786
69096
70465
70730
71829
72097
73014
73238
73500
73574
73615
74052
74778
75342
76046
76113
76481
76610
76645
76814
77527
78665
79436
79819
80085
80094
81116
81810
82754
83275
83861
84136
84668
84771
84775
85665
86148
86460
86810
88137
88829
89464
90624
91441
91597
91836
91995
92910
93090
93679
93824
93999
94328
94892
94952
95042
95290
95329
95598
96282
100783
101176
101342
101498
101585
101814
101823
102165
104857
105318
106024
106026
106087
106796
108005
108310
108496
108964
109276
109311
109555
110215
110764
110894
111613
113116
113151
113266
113546
113599
113622
114358
115235
115288
115940
116098
117430
117831
118150
118424
118498
119629
119830
120311
120410
120760
121047
121553
121577
121633
121756
122401
123249
123517
123759
123850
124451
124770
124921
127505
127570
127966
128549
129132
129361
129812
130101
130603
131169
131239
132388
132616
133175
133530
133818
133862
134621
135021
136329
136938
137157
137927
137936
139030
139253
139397
139564
140375
142154
142390
142803
143030
143267
143835
144247
144250
145691
146156
146281
146678
147193
147738
148469
148470
148699
148775
149195
150703
152075
152166
152591
152667
152806
152846
152901
153129
153243
153751
154592
154894
155503
156548
156575
156826
157084
157202
157615
158173
158217
158319
158410
158560
159646
160641
161128
161616
162111
162500
162673
163833
164608
164838
164863
165134
165236
166172
166352
166533
167839
167987
169166
169486
170066
170365
171120
171292
171993
173528
173862
173975
174010
174117
174494
174991
175458
175887
176222
176334
176733
177076
177591
177592
177936
181923
181924
181956
182202
182401
182910
182961
184727
185154
185812
186481
187244
187589
187908
188139
188811
188972
190394
191422
191946
192092
192390
193704
193926
195621
195708
196031
196372
196415
196542
196568
196707
196989
197211
197777
198843
199175
199260
199286
199560
200141
200532
200553
200904
201375
201991
202975
203100
203960
204347
204798
205245
206889
207304
209065
209268
210099
210642
210838
211219
211478
211677
211949
212262
212308
212435
213640
213915
214169
214627
215282
215319
215476
215579
215914
216441
216930
217126
218216
218277
219762
220280
221728
221815
222008
223150
223453
223589
223857
224126
224513
224639
224975
224976
227957
229112
229213
229271
229795
230611
230810
231414
231779
232286
232288
232658
233885
234022
234495
235117
235297
236418
236832
236834
236888
236945
237247
237536
238747
238953
239231
239499
239637
239945
240094
240377
240841
241058
242141
242333
242722
242885
243491
244312
244477
244865
245162
245231
245349
246597
246648
247815
247875
248079
248322
249650
249854
251232
254032
254436
254733
255937
256190
257052
257577
257597
257838
258337
258468
258649
258728
259623
260972
261785
262165
262646
262968
263136
263289
263581
263718
264031
264118
264716
264718
265784
265874
266084
266419
266440
266629
266914
267028
267211
267727
268033
268164
268402
268625
269456
269957
270374
270407
271178
271218
271297
271977
273143
274327
275236
275410
276335
278078
278327
278630
279044
279255
280111
281782
281855
282254
282560
284075
287162
287375
288110
288197
290681
290748
291551
292786
292987
293435
293715
294535
294645
294658
294911
294939
296042
296431
296596
296942
297236
297331
298891
299031
299513
300449
301233
301565
301665
301726
302143
302985
304555
305281
305389
305691
305900
306281
306687
306711
308102
308292
309753
310306
310310
310360
310558
311637
311757
312586
312981
313346
313792
314177
314883
315268
315369
316314
316631
316668
316838
316977
317242
317498
317526
317585
318358
320846
320860
321407
321437
321454
321527
321560
322842
323935
324043
324186
324456
324659
325638
325783
326237
327707
328385
328455
328963
329999
331379
332266
333134
333322
334036
334252
334854
335070
335739
336086
336200
336916
337050
337781
337872
339176
339759
340458
341255
341263
341412
341591
342505
342539
342755
342960
344252
344762
345365
346664
349063
350145
352842
353418
353556
353631
354404
354420
354464
356061
356549
357118
357172
357342
357492
357977
358400
358462
358509
359296
359755
360181
360321
360896
361429
361764
361957
363527
365535
366250
366390
367121
369296
370010
370487
370782
372494
372495
372923
373067
373429
373449
374793
375023
375475
376679
377379
378054
378250
378446
378811
379539
379847
380319
380694
380840
380845
381696
381827
382109
382227
382620
382723
383371
383547
383793
385204
385234
385600
385788
386526
387668
387803
388023
388865
388975
390071
390119
390224
391118
391181
393023
393759
393806
394532
394988
395822
395989
396196
397829
398384
398520
398615
398973
399317
399796
401528
401543
402329
402457
402750
403478
403561
403981
404021
404459
404529
404624
404681
405064
406411
406478
406979
408840
408959
409967
409988
410114
410606
411125
411474
411828
411950
412916
413010
415972
416055
417029
417096
417535
417574
417990
418533
418943
418951
419356
419954
420074
420833
420902
421913
422471
423262
423528
425064
425155
426390
426701
428037
429049
429266
429997
430011
430730
430805
430951
431048
431700
431731
432119
432947
432988
433286
433329
434238
434562
435546
436019
436687
437098
437731
438290
438611
438889
439044
439235
439957
440036
440189
440399
440790
441969
442500
442864
442909
442953
443209
443863
443967
444856
446044
446266
447472
448132
448145
448639
449222
451513
451589
452130
452173
452308
453203
453477
453569
454625
455479
456256
456501
456853
457032
458717
458978
459548
460165
461074
461451
461667
462156
462972
465517
466157
466194
466487
466506
467261
468244
468385
468905
470093
470270
470509
471522
471699
472079
472231
473118
473369
474018
474472
474539
475424
475630
477568
477992
478327
478791
479723
479847
480225
480278
480495
481839
482560
483932
484004
484816
485444
485639
488201
489364
489396
489841
490169
490188
490218
490422
492588
493463
493619
494548
495171
495959
496244
496462
496672
497052
497197
497358
497921
498162
498531
498689
499136
500271
500947
501153
501397
501522
501668
503662
504301
507326
508049
508495
508809
509149
509340
509720
510607
510963
511170
511881
511976
513188
514072
515698
516465
516854
517533
518159
519243
521157
521310
521794
522159
522282
523481
523939
524262
525099
525575
525638
526919
527470
528291
530190
533264
533328
534050
534652
534713
534864
535809
536068
536154
536974
537325
537327
538614
538687
539210
539238
539705
542272
542456
542690
542857
542903
543762
543924
544353
544469
544536
546109
546110
546113
546640
546648
548063
548618
548696
549509
549706
549924
551005
551139
552285
552982
553261
553387
553609
554111
555622
555665
556167
556322
556773
556867
556894
556926
557209
558251
558302
558864
560519
560936
561950
563129
563193
563507
563662
564033
564401
564500
564691
564750
564780
564952
565308
565539
565788
566686
567677
567768
568179
569130
571477
571488
572950
574228
574708
574726
575060
575330
575591
575912
575960
576083
576302
576681
577053
578571
578636
578692
578821
579135
579350
579685
580324
580338
580410
580969
581323
581872
582020
582324
582481
582641
583138
583595
583753
583917
584028
584799
585223
585372
585725
586150
586156
586391
587060
587176
587598
587614
588255
588781
589000
589033
589521
589907
591561
593317
593644
593941
594098
594252
594338
594472
594707
594767
594797
595209
596594
596709
596817
598798
599829
600598
602023
602114
604042
604389
604999
605593
605984
606362
606812
607011
610211
610233
610464
610771
610843
611622
611809
612981
614477
614529
614807
615299
615456
615582
615760
616664
616774
617377
617722
618155
618237
618499
618822
621320
621540
621704
621913
622000
622030
622684
622939
623216
624428
624445
624555
624580
624746
624978
625057
625654
626719
626903
627203
627412
627649
627681
629676
630077
631405
631504
631769
632860
632943
633437
633515
634176
634259
634564
634635
634981
635264
635399
635451
635640
635963
636447
637247
637978
638119
638643
639302
639840
640975
641015
641291
641410
641755
641919
643362
644957
645103
645437
646207
646740
647605
648106
649358
650167
650195
650232
650790
651268
651318
651358
652040
652162
652181
652900
653449
653631
653690
653812
653973
655233
655478
655480
656521
656705
657547
657862
657978
658169
658579
658686
658689
658985
659106
659213
659322
659525
659898
660404
661793
662069
662225
662419
662516
662587
662911
663764
664131
665752
666179
666604
667363
667380
667707
667733
668822
669522
669618
669634
670245
670263
671126
671231
672250
672784
672875
673400
673521
674286
675271
676767
676978
677102
677112
678066
678964
679119
679639
680283
680360
680427
680665
681551
681995
682328
682752
683447
683500
683756
683803
683823
683860
685577
686046
686139
686523
686929
687422
688499
689621
689713
690323
690406
691853
692118
692477
693356
694702
694989
695277
695405
695589
695914
696119
696544
696815
697130
698835
699225
700144
700289
700412
700635
700951
701467
701967
702469
702862
704452
704797
705327
705538
706210
708199
708299
709450
709955
710085
710426
710533
710871
712302
712935
713318
713897
713912
714229
715701
716792
716993
717864
718152
718694
718893
719331
720063
720863
721424
721732
722318
722610
726175
726266
726717
727083
727360
727534
727903
728100
728710
729308
729342
730498
731268
732120
732343
732698
733362
733790
734160
734721
735936
736269
736433
736575
736769
737570
738016
738218
739699
740303
740824
741024
742454
742794
743697
743932
744363
744677
745206
745330
745957
747066
747472
747824
748163
748490
748610
748654
748669
749126
749305
750171
750196
750560
750658
750872
751028
751687
752134
752763
754177
754408
754433
754586
755628
756138
756274
756398
756657
756977
757192
757466
757910
758924
758969
759215
759217
759636
759813
760080
760095
760317
760321
760433
760548
763423
763851
765351
766606
766827
767399
768692
768777
768874
769540
769848
769849
770341
771493
771935
772031
772055
772612
772828
773242
773431
773431
773612
774247
775667
776031
777091
777731
779711
780140
780445
780528
781043
782696
782760
782936
783627
784430
784808
785302
786457
786719
786743
788673
789761
790499
790584
790624
792563
792708
793431
793702
794829
795327
795833
796026
796267
797223
797894
798073
798544
799339
799806
799854
799956
800979
801279
801506
802031
802278
802549
802654
803660
803705
804941
804995
805722
805855
806684
808515
809122
809390
810211
810426
810727
811032
811098
811224
811881
812079
812375
812777
812867
813001
813100
813626
814740
815316
815888
816485
816638
816726
817590
818796
819217
819439
820008
820350
820467
820969
821093
821606
822050
822954
822975
823423
823778
824530
824884
825910
826827
826957
827869
828139
828328
828921
829538
830317
831819
832823
832902
832986
833701
833988
834196
834502
835797
836746
837315
837649
837807
837924
838025
838754
839427
839974
841103
841523
843065
843495
843645
844831
845074
845374
846807
847112
848193
849057
849590
849747
850293
850901
851520
852090
852382
852659
853924
854558
854979
855092
855832
855972
857102
858106
858155
858660
859320
860317
860373
861988
863537
863889
864966
866432
866778
867473
867711
868163
868369
868894
868949
869581
869699
870080
870848
870874
871781
874470
874782
875206
875401
875535
875826
876398
876983
877363
878157
878541
879602
880086
880366
880461
880471
881703
882612
883528
884526
884688
884999
885143
885379
885400
886205
886450
886683
887795
888753
889870
890183
891018
891206
891224
892121
892138
893268
894036
894767
895837
896212
896324
897221
897483
897634
898398
898736
898900
899362
899625
900558
900692
900812
901026
902252
903100
904009
904364
904732
905304
905545
905670
905811
906292
906411
907643
908045
908600
908973
909189
909349
909898
910351
910494
911522
911547
912437
912874
913628
913634
914111
914412
914535
914831
914992
914998
915374
916041
916565
916577
916803
916872
916950
916978
917992
919010
920130
920278
920629
921042
921884
923040
923289
924739
925386
926265
926711
926919
927101
927240
927983
928359
928615
930698
931337
931836
931847
931876
932032
932133
934708
935448
935606
936081
936858
937195
937801
938146
938168
938308
939064
939866
939989
940083
940224
940432
941487
942062
942767
943161
943774
944418
944593
944985
945048
946082
946288
946305
947585
948276
949821
950224
950437
950547
951541
952119
952195
953253
953326
953474
954001
954118
954767
955315
956342
956611
957218
957619
958222
958756
958800
959168
959801
959971
960356
960711
960715
961116
961605
961630
962280
962354
962368
963483
964048
964361
964553
965084
965261
965269
965281
965467
966241
967212
967349
967377
967458
967653
968809
969210
969328
969465
969661
970707
971699
972356
973008
973078
973353
973806
973937
973953
974253
975284
975541
975580
975945
976882
977031
977220
977234
977869
978364
978406
979120
980617
980962
981948
982095
982384
984238
984852
985766
986324
986660
986886
986896
987236
987969
988505
989038
989333
989732
990345
990945
991293
991777
992714
992930
993075
993098
993504
993845
994690
995829
996347
996483
996735
997462
998099
998535
998968
999113
999229
999421
999551
999886
1000312
1000334
1000383
1001084
1001622
1002598
1002604
1002871
1003323
1004018
1004414
1004631
1005902
1006244
1006369
1007159
1007859
1009102
1009255
1009799
1011569
1012037
1013021
1013025
1013283
1013866
1014096
1014393
1014776
1015063
1015516
1016401
1017143
1018833
1018862
1019899
1020709
1020784
1020843
1020903
1021057
1021574
1022117
1023663
1023868
1023894
1024305
1024728
1025703
1026341
1026589
1026717
1027473
1027875
1027990
1028054
1028473
1029711
1030589
1031314
1031654
1032598
1032897
1034036
1034527
1035007
1036329
1036672
1037332
1038817
1039582
1039938
1040948
1041365
1041402
1042213
1042456
1043071
1043192
1043659
1044005
1044346
1044678
1045178
1045880
1046610
1047105
1047352
1047720
1047901
1047916
1048404
1049795
1050518
1050982
1052569
1052702
1053314
1053507
1054258
1054381
1054646
1055325
1056758
1057377
1057668
1058346
1058734
1058736
1059314
1059435
1061472
1061727
1061763
1062625
1062755
1062966
1062977
1063139
1064707
1066045
1066085
1066114
1066157
1067085
1067185
1067529
1068305
1069336
1070281
1070417
1070495
1071506
1071653
1072073
1072387
1074045
1074512
1074515
1074572
1074758
1074975
1075140
1075833
1075925
1075934
1076092
1076224
1077420
1077791
1078492
1080279
1080712
1081555
1081888
1081949
1082679
1082996
1083113
1083992
1084317
1084376
1084934
1086050
1086108
1086397
1086704
1088221
1088482
1088580
1088859
1088930
1089645
1089733
1091412
1091906
1092579
1092776
1093026
1093445
1095051
1095101
1096598
1097022
1097057
1097649
1097844
1097984
1098132
1098648
1098986
1099102
1099307
1100593
1101311
1101909
1103108
1103999
1104226
1104439
1105643
1105677
1107491
1107498
1107940
1108001
1108129
1108473
1109191
1109291
1109663
1112081
1112776
1112960
1112966
1113155
1113527
1116014
1116669
1117624
1117872
1118438
1119267
1119710
1119945
1120157
1120864
1120896
1121402
1121414
1122281
1122359
1122489
1122499
1122615
1123611
1123619
1123640
1123812
1124703
1125078
1125857
1126182
1126221
1126604
1126670
1126991
1127079
1127360
1127648
1128739
1128884
1129585
1129792
1130046
1130782
1131079
1131767
1131780
1132245
1132785
1133767
1134704
1136225
1137208
1137358
1137883
1138001
1138614
1138667
1138671
1141119
1141152
1141232
1141532
1141643
1141877
1142471
1143512
1144579
1144896
1144923
1145166
1145557
1145977
1146038
1146548
1146646
1147567
1147977
1149266
1149975
1150686
1150876
1151413
1152376
1152654
1152970
1153328
1153605
1153711
1155537
1155580
1155810
1156062
1158454
1159262
1160517
1162234
1162459
1162799
1162900
1164111
1165045
1166491
1166508
1167453
1167757
1167857
1168201
1168412
1168704
1169026
1170512
1170540
1170925
1170987
1171181
1171368
1172152
1172625
1172864
1173269
1173782
1174610
1174857
1174940
1177342
1177452
1179439
1180165
1180379
1181014
1181391
1181478
1182797
1183495
1183737
1183792
1183822
1184236
1184294
1184752
1185100
1185270
1186138
1186268
1187179
1187877
1188506
1189206
1189320
1190116
1190389
1190428
1190507
1190802
1191415
1192103
1192106
1192785
1193134
1194322
1195245
1197990
1198052
1198217
1198350
1198667
1199046
1199642
1200070
1200221
1201180
1201815
1201852
1202236
1202246
1202657
1204183
1206064
1206103
1207406
1207669
1207935
1208208
1208296
1208841
1208981
1209441
1209607
1209687
1210715
1210841
1211276
1212333
1213253
1213672
1213794
1213888
1214396
1214617
1214755
1215343
1215740
1215981
1216589
1216747
1216840
1218935
1219474
1219997
1220402
1220954
1221318
1221794
1224658
1225231
1225304
1226079
1227022
1227041
1227183
1230665
1231072
1231209
1231313
1231540
1231649
1231735
1232886
1234216
1234444
1235427
1235447
1235829
1237376
1237762
1238111
1238958
1239234
1239957
1240820
1241785
1241900
1242247
1242911
1243381
1243925
1243958
1245399
1246144
1246942
1247371
1248317
1248642
1249044
1249350
1249644
1250452
1250813
1250841
1251672
1252678
1252878
1253129
1253134
1253185
1254066
1255429
1255923
1255955
1256914
1257396
1257401
1258592
1258745
1258781
1259196
1260730
1260939
1260946
1261222
1261583
1262582
1262914
1263097
1263607
1263647
1264018
1264194
1264286
1264752
1265656
1266456
1266502
1267126
1267214
1267408
1269020
1269618
1271076
1271305
1272163
1272188
1272444
1272570
1272909
1273246
1274325
1275010
1275066
1275349
1276102
1276834
1277419
1277456
1277759
1278208
1279170
1280140
1280700
1281003
1281010
1281035
1281297
1281529
1281600
1282851
1283113
1283480
1283612
1285020
1285242
1285271
1286805
1286833
1287576
1287648
1287652
1288043
1288624
1289666
1289971
1290744
1290965
1291238
1291555
1291634
1291680
1291874
1291954
1292724
1293163
1294713
1295776
1295850
1296123
1296627
1296798
1296956
1297104
1297600
1299127
1300088
1300955
1301520
1301731
1301771
1301986
1302003
1302028
1302105
1302324
1303042
1303145
1303161
1303363
1304906
1305172
1305251
1306105
1306866
1308425
1308724
1308752
1308834
1309378
1309781
1309863
1309899
1310131
1311738
1311976
1312649
1313073
1313320
1313362
1313754
1315085
1315281
1315574
1316488
1317420
1317561
1317712
1318231
1318843
1320096
1320593
1322068
1322754
1323098
1323571
1323698
1324203
1324896
1325442
1325966
1326481
1326577
1326656
1327179
1328408
1328817
1329167
1329291
1329368
1329409
1330467
1331577
1331937
1332396
1332498
1333315
1333371
1333543
1334162
1334440
1334742
1335343
1336771
1337010
1337605
1338154
1338367
1338419
1340285
1340646
1341029
1341376
1341581
1342210
1342706
1342918
1343019
1343260
1344412
1344754
1344782
1344866
1344935
1345571
1345648
1345657
1345775
1345864
1347632
1348510
1348611
1348679
1349288
1349353
1349489
1349844
1350400
1350966
1351783
1351937
1351951
1352596
1352976
1353010
1353242
1354679
1355577
1355855
1355947
1356273
1356635
1356819
1357127
1358594
1358762
1359882
1359979
1360524
1360661
1360974
1361095
1361103
1361346
1363551
1364024
1364455
1365359
1365628
1367336
1367488
1367977
1368006
1368287
1368617
1369153
1370187
1370649
1371361
1371517
1372286
1372551
1373442
1374063
1374648
1374833
1374867
1375197
1375708
1376018
1376725
1376788
1376941
1378618
1378898
1379744
1380040
1380198
1380228
1380411
1380459
1380824
1381147
1382392
1383546
1383559
1383810
1384919
1384926
1385317
1385631
1385740
1385971
1386561
1388096
1388208
1388549
1390365
1390826
1390917
1391002
1391373
1391971
1392103
1393117
1394595
1394882
1395774
1396312
1396870
1397470
1397569
1397759
1397957
1398397
1398999
1399415
1399686
1399943
1400310
1400434
1400834
1401679
1403349
1403369
1404003
1405139
1405489
1405879
1405982
1406114
1407573
1408179
1408804
1409008
1409115
1410379
1410780
1410926
1411219
1411536
1412874
1413103
1414745
1414844
1415518
1415755
1415824
1416457
1416581
1417393
1418033
1418241
1418283
1418907
1419634
1419955
1420456
1421355
1421652
1421990
1422620
1423439
1423463
1423633
1424863
1425487
1426100
1426250
1426314
1426625
1427337
1427575
1428492
1428765
1430208
1431146
1431557
1432261
1432281
1432615
1433072
1433455
1434746
1435242
1435270
1436053
1436184
1436623
1437166
1437772
1437898
1438284
1438509
1438668
1438799
1439833
1439877
1439884
1439994
1441014
1441816
1443999
1444585
1444981
1445621
1445680
1446292
1446449
1446508
1446591
1447423
1449610
1449700
1450265
1451028
1451308
1451366
1451418
1451812
1452439
1452651
1453099
1453573
1454073
1454111
1454141
1454170
1455595
1456489
1456522
1456549
1456549
1457107
1457199
1457434
1457972
1458412
1458773
1460004
1460064
1460319
1460953
1461640
1462317
1462818
1462835
1462911
1463727
1464631
1465292
1465832
1466445
1467239
1467388
1467609
1468045
1468426
1468676
1468713
1470953
1471226
1471412
1471425
1471549
1471882
1474453
1474469
1475302
1475321
1475880
1477151
1477189
1478177
1478932
1478975
1479656
1479707
1480323
1480381
1480535
1481050
1482267
1482360
1484021
1484567
1484631
1484727
1485074
1485190
1485425
1485732
1486134
1486260
1486288
1486425
1486747
1487989
1489682
1490117
1490443
1491576
1491934
1491995
1492439
1492445
1492582
1492792
1492812
1493353
1493371
1494945
1495596
1496591
1497024
1497042
1497180
1497359
1497483
1497644
1498507
1498678
1498804
1498984
1499021
1499917
1499973
1500173
1500476
1501169
1501202
1501534
1501754
1501880
1502856
1504003
1504044
1504515
1504885
1504945
1504988
1505506
1506244
1507217
1507296
1507384
1507516
1507871
1507976
1509698
1509706
1509764
1509873
1509952
1510236
1510390
1510486
1511919
1512111
1512505
1512672
1512841
1513016
1513438
1513477
1514031
1514324
1514412
1514913
1515586
1516044
1516351
1516758
1517466
1518839
1519292
1519515
1519753
1519779
1520001
1520370
1521151
1521299
1521672
1522840
1523099
1523179
1523405
1523885
1524131
1525343
1525407
1526560
1527691
1528193
1528218
1528831
1529739
1529973
1530570
1531196
1531481
1531761
1534166
1534790
1534827
1534968
1536032
1538549
1538569
1538725
1538927
1539505
1539521
1541174
1541403
1541918
1542697
1542840
1542924
1542990
1543854
1544611
1545146
1545259
1546306
1546493
1547617
1547952
1549129
1550636
1552109
1552199
1552215
1552823
1553687
1553720
1554428
1554456
1555420
1556293
1556805
1556855
1556909
1556933
1557068
1557154
1557298
1557432
1558072
1558123
1558792
1560292
1560840
1561204
1562484
1562984
1563285
1563316
1563561
1564226
1564700
1565232
1565560
1566476
1566849
1568251
1569787
1570605
1570838
1571043
1571081
1571124
1571477
1571576
1572106
1572355
1572423
1572436
1572989
1573041
1573055
1573478
1573923
1575631
1577390
1578161
1578317
1578634
1579369
1579386
1579451
1579945
1580108
1580263
1580655
1580793
1580824
1581403
1581622
1582015
1582523
1583246
1584732
1585390
1585996
1586967
1588330
1588520
1588942
1590010
1590906
1591295
1592030
1593467
1594439
1596155
1597310
1597992
1598053
1598446
1598477
1598609
1600199
1600662
1601579
1601591
1601801
1601883
1602258
1602623
1602694
1603357
1604256
1605901
1606470
1606585
1608138
1608502
1608657
1609410
1609445
1609491
1610004
1610245
1610976
1612808
1613066
1613304
1614189
1614580
1614734
1615408
1616507
1617323
1617419
1617797
1617871
1620080
1621321
1622165
1623354
1623976
1624344
1625025
1625067
1625150
1625267
1625637
1625978
1626086
1626350
1626949
1627360
1627719
1627738
1628305
1628331
1629160
1629163
1630203
1630309
1632214
1632553
1632665
1632686
1633008
1633159
1633251
1633346
1633935
1634439
1634440
1636369
1636658
1636902
1637033
1637055
1638685
1639302
1641348
1641424
1641595
1642002
1642173
1642961
1643465
1643951
1644010
1645191
1645346
1645798
1647635
1647862
1647925
1648228
1648564
1648905
1649640
1650523
1650866
1651419
1652894
1653561
1653949
1654181
1654406
1654956
1655996
1656223
1658280
1658436
1658665
1658801
1659132
1660236
1661723
1663826
1666346
1666500
1667035
1667073
1668676
1669645
1670427
1670457
1670764
1670773
1670987
1671401
1671610
1671642
1673613
1673778
1674867
1675001
1675353
1675569
1675774
1676422
1676649
1676650
1677754
1678529
1679221
1679946
1679993
1680336
1680450
1680554
1680793
1680831
1681182
1681460
1681851
1681931
1682068
1683271
1683869
1685179
1685782
1686246
1686584
1687043
1687370
1687714
1688228
1689072
1689076
1689341
1689930
1690194
1690347
1690462
1690684
1690915
1691208
1691841
1692030
1692825
1693558
1693868
1694310
1695036
1695100
1695677
1696097
1696318
1697596
1697739
1697949
1698032
1698136
1698464
1698688
1699955
1700126
1701701
1702007
1702282
1703462
1703977
1704245
1704594
1704831
1705347
1705546
1705797
1705915
1706303
1707261
1707304
1707564
1708206
1708297
1708298
1708604
1708657
1708993
1709055
1710048
1710366
1710863
1711526
1711808
1711916
1711939
1712083
1712465
1713702
1714073
1714210
1715652
1716715
1718481
1718764
1719718
1719724
1719885
1719953
1720041
1720241
1720544
1720548
1721255
1721388
1722409
1722993
1723128
1723971
1724468
1724749
1724790
1725779
1725876
1726198
1727512
1728092
1728639
1729525
1730342
1730552
1730894
1730903
1731007
1731227
1731546
1731672
1732610
1732634
1732785
1732806
1732920
1733658
1733796
1734136
1734322
1734387
1735135
1735888
1736139
1736542
1737746
1738611
1738820
1739588
1740010
1741558
1741723
1742356
1742938
1743881
1744544
1744809
1745084
1745501
1745526
1747058
1747671
1748733
1748756
1748991
1749421
1752953
1753683
1753896
1754954
1755187
1755481
1755779
1757164
1759857
1760438
1760716
1761241
1761281
1761535
1761989
1762932
1763155
1764519
1765848
1765933
1766299
1766347
1766363
1766594
1766786
1767037
1767788
1767828
1768264
1769868
1770155
1770191
1771189
1771572
1772404
1773370
1773599
1773958
1774570
1774898
1776352
1777383
1777404
1777525
1778045
1778503
1778541
1779106
1779278
1779304
1780950
1781500
1781873
1782005
1782413
1782438
1783112
1783814
1783871
1784002
1784535
1784912
1785142
1785393
1787128
1787228
1787779
1788448
1788690
1788865
1789677
1789905
1789975
1790711
1791509
1793258
1793547
1793717
1793763
1794271
1795336
1796340
1797808
1799264
1799962
1800479
1800492
1800577
1801997
1802722
1803491
1803677
1803995
1804144
1804420
1805176
1806076
1806765
1806775
1806907
1807814
1808358
1808596
1808962
1808992
1809869
1810996
1812682
1813102
1813205
1813775
1814063
1814362
1814903
1815817
1816192
1816210
1816881
1817889
1818406
1820121
1820720
1820972
1821276
1821525
1822489
1822532
1822546
1823243
1823268
1823479
1823887
1823903
1823989
1824459
1824575
1824874
1824937
1825093
1826478
1826775
1826834
1827791
1828462
1828592
1829583
1830194
1830326
1830540
1830564
1831047
1831200
1831717
1832005
1832216
1832623
1832919
1834584
1834633
1834986
1835811
1836217
1836289
1838124
1838193
1838477
1839622
1839897
1840206
1840293
1841003
1841176
1841475
1841589
1842002
1842205
1842576
1843335
1843494
1844835
1845658
1845967
1846534
1848554
1848761
1849157
1849362
1849923
1850469
1850492
1851073
1853459
1855536
1855538
1855890
1856015
1856188
1856290
1856961
1857305
1857423
1857565
1857959
1859696
1860028
1860902
1861004
1861175
1861583
1863293
1863329
1863731
1863917
1864305
1864461
1864772
1864865
1864896
1865794
1866224
1866397
1866610
1867332
1867414
1868301
1869797
1870070
1870119
1871626
1871731
1871855
1871932
1873379
1874038
1874926
1875081
1876166
1878172
1878319
1879750
1879777
1880850
1881398
1881697
1881733
1881888
1882398
1882407
1883254
1883418
1884653
1884947
1885028
1885849
1886770
1886970
1887312
1888291
1889315
1889575
1890595
1890657
1891080
1891761
1891773
1892301
1893107
1894157
1895314
1895400
1895613
1895615
1895747
1896686
1897022
1897194
1897364
1897496
1899433
1899903
1900226
1901269
1901356
1901773
1901825
1902157
1902302
1902779
1902999
1903087
1904793
1905354
1906534
1907486
1907618
1907963
1909491
1909641
1909778
1910441
1911687
1911688
1912425
1912663
1913135
1913227
1913714
1914122
1915711
1915718
1915758
1916788
1916966
1916973
1917293
1917483
1918097
1921049
1922207
1923185
1924177
1925178
1926143
1926608
1927037
1927189
1927455
1928350
1928668
1929871
1930117
1931122
1931703
1931874
1933131
1933143
1934255
1934734
1934792
1936361
1936921
1937081
1937190
1937239
1937442
1937734
1937944
1938111
1938363
1939441
1939592
1939742
1940085
1940087
1940881
1941532
1942860
1943752
1944482
1945150
1945264
1945552
1945876
1946518
1946911
1947531
1947712
1949865
1949899
1950661
1950955
1950989
1952335
1952677
1952699
1952956
1953131
1953319
1953351
1953451
1953579
1953803
1953956
1954118
1954825
1954909
1955555
1955777
1956229
1956863
1956975
1957047
1957314
1958756
1959250
1960628
1960963
1961402
1962586
1962594
1962880
1962969
1963230
1963305
1963390
1964576
1965683
1965835
1966282
1967451
1968076
1968257
1968266
1969061
1969414
1969454
1969570
1969714
1969836
1970044
1970591
1970623
1970732
1971003
1971298
1971615
1971663
1971846
1972034
1972152
1973507
1974078
1974119
1975608
1976311
1976692
1977411
1977415
1978005
1978008
1978239
1978706
1979454
1980469
1980695
1980863
1981148
1981770
1981942
1982288
1982428
1982697
1982871
1983037
1983984
1984306
1984513
1985595
1985825
1985853
1986955
1989111
1989171
1989441
1989539
1990306
1990546
1991415
1991482
1991573
1994668
1995052
1995208
1995219
1995303
1995516
1996559
1997130
1997743
1998325
1998538
1998568
1998983
1999019
1999164
1999498
2001227
2001490
2002237
2002291
2002648
2002843
2003002
2004581
2004740
2005094
2005559
2006036
2008339
2010117
2011112
2011273
2011992
2012032
2012106
2012283
2012691
2013509
2013721
2014037
2014475
2014633
2015004
2015016
2015062
2015917
2016066
2018128
2018810
2018910
2019162
2019640
2019864
2019987
2020432
2020507
2020805
2021561
2021894
2023197
2023889
2024865
2024991
2025527
2026997
2027025
2027470
2027615
2027871
2027942
2028464
2029027
2029719
2030176
2030230
2030364
2031146
2031437
2032058
2032833
2033653
2034570
2034726
2034801
2035303
2035489
2035758
2035976
2036495
2036863
2036996
2037914
2038083
2038925
2039131
2039165
2039955
2040389
2040513
2041603
2041687
2043864
2044647
2044999
2045272
2046644
2046755
2046884
2046933
2047120
2047412
2047508
2048092
2048553
2048791
2050255
2051086
2051111
2051649
2051781
2052398
2052485
2052595
2054635
2054710
2055322
2055584
2055745
2056712
2056770
2057213
2057849
2058090
2058527
2058623
2060319
2060670
2061410
2061682
2061708
2062838
2063197
2063722
2063901
2064532
2065596
2065728
2066333
2066368
2067268
2067510
2067658
2067845
2067921
2068028
2068089
2068647
2069490
2071731
2072041
2072189
2072327
2072990
2073750
2073931
2075236
2075965
2077075
2077883
2078033
2078258
2078986
2079469
2079743
2079863
2079980
2080512
2080704
2081083
2081413
2083455
2083498
2083815
2083989
2084306
2084382
2084628
2084903
2085934
2086002
2086534
2087136
2087584
2087970
2088085
2090146
2090542
2090922
2091029
2091405
2091480
2091665
2091696
2091818
2092023
2092244
2092758
2092841
2093257
2093778
2095383
2095580
2095640
2095758
2095810
2095959
2096226
2096675
2097089
2097862
2097941
2098650
2098683
2098926
2099329
2099620
2099727
2100303
2100398
2100726
2101389
2101481
2102610
2102892
2103254
2104417
2104925
2106016
2106335
2106643
2108353
2108459
2108603
2108861
2109117
2109442
2109754
2110108
2110603
2110902
2111006
2111454
2112630
2112767
2112875
2112895
2113083
2114313
2114569
2115987
2116251
2116631
2118460
2118833
2121261
2122848
2123275
2123281
2123791
2124953
2125170
2126199
2126341
2126477
2126877
2127069
2127183
2127553
2127685
2128492
2128899
2129064
2129552
2131059
2132143
2133251
2133945
2134396
2135348
2136489
2136916
2136993
2137008
2137186
2137495
2138601
2138924
2138935
2139288
2141614
2141929
2141985
2142244
2142821
2143188
2143248
2143455
2143788
2144273
2144965
2145761
2146048
2148434
2149606
2149849
2149896
2150234
2150250
2150431
2150594
2151189
2151546
2151646
2151695
2151918
2152050
2152236
2152875
2152958
2154349
2154397
2155107
2156249
2156465
2156612
2156671
2156718
2156966
2157316
2157365
2157531
2157983
2158030
2158465
2158550
2158940
2159573
2160011
2160309
2161144
2161160
2161496
2161574
2161653
2163405
2164132
2164181
2164618
2167234
2167248
2168185
2168298
2168459
2168473
2168501
2169297
2169421
2170368
2170611
2171451
2171869
2172271
2173237
2173335
2173358
2173672
2173824
2174138
2175075
2176871
2177098
2177104
2177211
2178411
2178797
2179378
2180345
2180416
2181705
2182150
2183494
2184593
2184797
2185382
2185489
2185626
2185836
2188258
2188473
2188557
2189074
2189518
2189943
2190021
2190223
2191400
2193364
2194082
2194196
2194415
2194760
2196257
2196594
2196668
2197765
2200009
2200512
2201316
2202395
2202806
2203099
2203650
2204094
2204316
2206039
2206542
2208118
2208364
2209516
2210367
2210403
2211161
2211171
2211716
2211937
2212903
2213120
2213225
2213974
2214050
2214425
2215447
2215479
2215793
2216315
2217585
2218043
2218830
2219254
2219742
2220207
2220488
2220737
2220877
2221348
2221870
2222893
2223113
2223290
2223421
2224377
2225807
2226199
2226503
2227297
2227402
2227741
2228846
2229860
2230127
2230977
2232580
2232919
2232933
2233085
2233773
2233863
2236540
2236696
2237065
2237432
2237743
2238148
2239084
2239539
2241024
2241463
2241807
2242890
2243957
2244237
2244247
2244866
2245160
2245399
2246126
2247579
2248790
2250223
2250452
2250585
2251231
2251530
2252235
2252526
2253277
2253460
2254016
2254039
2255636
2255826
2256049
2256853
2257598
2257704
2257829
2258209
2258255
2258404
2258737
2260231
2261084
2261118
2261259
2261924
2262014
2262301
2262668
2262956
2263000
2264329
2264449
2265286
2267118
2267417
2267931
2269167
2269617
2270639
2270652
2271090
2271577
2272585
2272701
2273301
2273697
2273775
2274106
2277090
2277446
2277629
2278325
2280609
2280647
2280893
2280903
2281165
2281365
2282274
2282422
2282924
2283220
2283515
2283674
2284405
2284827
2285329
2285566
2285908
2286196
2286483
2286700
2287012
2288076
2288200
2288720
2289947
2291042
2291730
2291931
2292156
2293876
2294301
2294387
2294719
2294839
2295103
2295246
2296001
2296140
2296257
2296468
2296502
2296761
2296807
2296973
2297193
2298002
2299267
2299871
2300023
2300118
2300207
2300231
2300535
2300738
2301549
2301889
2302001
2302052
2302109
2302497
2303160
2303414
2303527
2303900
2304047
2304229
2304668
2304857
2305712
2306358
2307193
2307405
2307915
2307945
2309247
2309275
2309827
2312774
2314459
2314716
2315008
2316027
2316091
2317466
2317562
2317885
2318094
2318195
2318466
2318655
2319296
2320915
2321723
2322832
2323731
2324036
2324794
2325527
2325946
2325972
2326018
2326622
2327762
2327897
2328886
2330266
2330595
2330873
2331447
2331479
2331593
2331618
2331717
2332893
2333990
2335021
2335766
2335823
2335872
2336812
2336950
2337685
2337925
2338249
2339185
2339770
2340101
2340255
2341371
2341931
2342726
2343487
2343800
2344987
2345531
2345897
2346002
2346106
2346270
2347091
2348857
2350044
2351098
2351756
2352011
2352436
2353052
2353753
2354924
2355010
2355148
2355985
2356148
2357517
2357550
2358670
2358946
2359496
2359884
2360444
2360918
2360979
2361630
2361889
2362702
2363354
2363931
2364362
2364865
2364950
2364962
2365276
2365963
2366117
2366624
2366763
2367344
2367449
2368029
2369164
2370014
2370376
2370552
2371035
2371312
2371323
2371961
2372561
2373274
2373741
2374121
2374222
2374527
2374659
2374746
2375415
2375635
2376358
2377191
2377197
2377708
2377809
2378375
2379571
2379864
2379890
2381328
2381630
2381976
2381999
2382411
2382573
2382586
2382659
2383074
2383944
2384048
2385515
2386169
2386838
2387351
2387445
2388443
2388970
2389883
2390436
2391746
2391851
2392106
2392624
2392716
2392720
2394030
2394728
2395092
2395559
2396727
2396804
2397449
2398106
2398461
2399048
2399718
2399816
2399939
2400292
2400608
2400992
2401085
2401313
2401539
2402276
2402399
2402453
2403614
2404148
2405180
2406090
2406373
2406694
2406740
2407442
2408486
2411728
2412591
2413912
2414208
2414292
2414376
2414788
2415005
2416385
2416935
2417495
2417735
2418325
2419967
2419968
2420447
2420575
2420897
2421706
2421886
2421967
2422118
2422196
2424104
2424478
2425135
2425853
2425879
2426041
2426227
2426443
2426908
2426928
2427515
2427635
2428738
2429501
2430095
2430293
2432566
2432723
2433056
2433624
2434886
2434971
2435256
2435556
2435655
2435884
2435902
2436098
2436183
2436271
2437731
2438250
2438276
2438583
2439629
2441344
2441647
2442116
2442258
2442654
2442732
2442864
2442893
2443767
2443877
2444049
2444330
2444444
2444888
2445637
2445700
2446303
2446543
2446548
2446794
2447798
2448510
2449437
2450248
2450321
2450466
2451006
2452150
2452397
2453961
2454065
2454454
2454651
2454746
2454788
2455155
2455164
2455307
2455544
2455589
2456266
2456380
2456951
2457327
2458006
2458328
2458419
2458711
2459416
2459542
2459728
2460538
2461347
2461422
2461456
2461827
2461863
2462204
2462276
2462389
2462449
2463167
2463254
2463399
2465105
2465426
2465484
2465713
2465818
2466023
2466367
2466921
2466948
2467195
2467269
2467465
2467663
2468053
2468407
2468538
2468592
2469748
2469773
2469859
2470246
2470463
2471132
2471816
2471862
2472409
2472410
2472629
2472667
2472818
2472918
2472997
2473354
2473665
2474164
2474392
2474727
2474826
2475018
2475403
2476354
2476708
2476775
2476841
2477299
2477550
2477795
2478025
2478337
2479015
2479904
2480127
2480538
2480625
2481725
2481773
2482430
2483103
2483323
2483441
2484462
2484770
2485911
2486589
2486735
2486837
2486916
2487345
2487574
2487796
2487889
2488590
2488850
2488911
2488956
2489669
2490828
2491134
2491414
2492063
2492712
2494427
2494540
2495969
2496388
2496520
2498697
2498798
2499150
2501154
2501635
2502037
2502624
2502920
2504339
2504667
2505129
2506087
2506318
2506705
2506799
2506997
2507555
2508493
2508563
2509088
2509371
2510260
2510613
2511063
2511168
2511904
2512932
2513113
2513880
2514667
2514838
2515346
2515660
2516873
2517061
2517084
2517959
2519577
2519713
2520272
2522199
2522745
2522921
2523518
2523754
2524218
2524542
2524671
2525719
2526512
2526660
2527097
2527667
2527671
2529107
2529533
2530100
2531218
2531577
2531737
2531778
2532397
2532716
2532814
2533607
2533726
2533843
2534743
2536903
2537697
2537773
2538521
2538609
2539412
2539780
2540987
2541247
2541440
2542851
2543452
2544112
2544555
2544735
2544816
2545051
2545278
2545577
2545821
2547043
2547096
2547528
2548216
2548780
2549035
2549552
2549707
2549947
2550535
2551410
2551812
2552034
2552256
2553840
2554581
2554982
2555001
2555381
2556507
2556508
2556714
2557192
2558147
2558330
2559329
2559465
2559783
2560042
2560523
2560959
2561233
2561820
2562002
2562223
2562502
2562704
2562836
2563350
2563422
2563707
2564507
2565478
2565689
2565966
2566567
2567255
2568000
2568752
2568776
2568965
2569246
2569669
2569865
2570085
2570118
2570345
2570367
2571762
2572235
2573584
2573796
2573861
2573932
2574473
2574539
2574692
2574908
2575100
2575932
2577747
2577976
2579326
2579732
2580015
2580119
2580430
2581375
2582146
2582484
2582661
2582782
2584054
2584278
2584871
2586317
2587089
2587211
2587338
2587420
2587518
2588226
2588562
2588587
2588999
2589041
2589796
2590573
2590580
2590644
2590705
2590780
2591321
2591653
2592201
2592500
2592781
2593075
2593981
2594455
2594569
2595020
2595285
2597618
2598433
2599060
2599087
2599260
2599283
2599951
2600694
2601603
2601710
2602867
2602898
2603077
2603437
2603767
2603920
2604244
2604828
2605223
2605614
2605624
2606598
2606600
2607765
2607847
2607943
2608528
2608573
2609025
2609096
2609156
2609879
2610519
2610804
2611551
2611591
2612355
2612521
2613210
2614092
2614146
2614552
2615239
2615640
2615714
2616678
2617084
2617574
2617878
2618127
2618226
2618694
2619089
2619681
2620209
2620237
2621800
2621800
2621811
2621875
2621939
2622085
2622649
2622864
2623989
2624640
2624829
2625718
2626348
2627797
2628011
2628367
2629097
2629187
2629473
2629710
2631023
2631338
2631433
2631526
2633488
2633717
2634833
2634895
2634936
2635076
2635141
2635312
2635345
2635386
2635664
2636406
2636863
2637240
2637286
2637466
2637761
2638896
2639443
2639550
2639851
2639929
2640274
2642606
2642703
2643088
2643775
2644198
2644263
2644287
2644765
2644896
2645717
2646012
2646068
2646458
2646567
2646877
2647410
2647524
2648427
2648595
2648685
2649350
2650290
2651306
2651754
2652230
2652889
2652987
2653385
2653456
2653889
2654260
2654534
2655225
2656108
2656574
2656844
2657380
2657693
2657931
2658591
2658770
2659031
2660254
2660405
2660724
2660810
2661413
2661774
2663263
2663675
2663724
2664119
2664162
2664302
2664361
2665596
2666633
2666644
2666790
2667044
2667516
2667554
2668035
2668309
2668312
2668399
2668961
2669222
2669657
2671385
2671457
2671589
2672197
2672434
2673126
2673447
2673639
2675373
2675378
2675711
2676115
2676733
2676863
2677503
2677685
2679293
2680655
2682328
2682409
2684052
2684386
2684414
2685107
2685156
2685388
2685450
2685520
2685737
2686023
2686058
2686197
2687302
2687548
2687784
2687915
2688095
2688196
2688226
2689182
2690218
2691677
2692092
2693201
2693439
2694273
2694583
2694989
2696092
2696152
2697535
2698937
2698954
2698986
2700253
2700366
2700685
2700783
2701286
2701556
2702367
2702367
2702375
2702619
2702742
2704648
2704674
2705149
2705422
2705424
2705697
2705811
2706678
2706806
2708978
2709131
2709529
2709982
2710719
2711783
2711934
2712497
2712823
2712837
2712858
2712964
2714359
2714635
2714810
2714829
2715035
2715417
2715573
2715670
2715786
2717406
2717791
2717983
2718046
2718164
2718526
2719892
2720326
2720783
2720849
2720873
2721315
2722158
2722693
2724274
2724569
2724880
2725189
2725260
2726622
2726653
2727033
2727177
2728081
2728203
2728688
2728691
2731194
2732150
2733457
2734246
2734517
2735115
2735169
2735771
2736037
2736647
2736762
2737548
2738379
2739424
2739617
2739647
2740028
2740076
2740283
2742034
2742133
2742473
2742683
2743135
2743299
2743636
2743740
2744244
2744418
2744878
2745609
2745767
2745787
2746055
2746171
2746869
2748198
2748345
2749402
2749444
2750139
2750320
2751327
2752055
2752330
2752928
2753090
2753488
2753754
2754267
2754711
2755061
2755749
2756013
2757962
2758188
2758485
2758753
2758850
2759000
2759149
2759301
2759613
2759853
2760260
2760446
2760552
2760832
2761016
2761228
2762014
2762260
2762317
2763961
2764320
2764932
2766049
2766465
2766747
2768539
2768615
2769870
2770081
2770542
2770759
2771195
2771222
2771313
2771375
2772699
2773032
2773116
2773411
2773802
2773980
2774137
2774175
2774322
2774496
2774588
2774647
2775352
2777030
2777210
2777244
2777254
2777340
2778162
2778263
2778459
2779595
2779708
2779836
2780477
2781008
2781742
2783033
2784045
2785038
2785188
2785470
2785706
2785767
2786503
2786704
2786846
2787041
2787120
2788272
2788742
2789079
2790830
2792382
2792563
2792586
2793373
2793428
2794888
2795035
2795403
2796085
2796683
2797632
2797756
2798344
2798823
2799253
2801094
2801540
2802020
2802609
2802657
2802661
2802922
2805537
2805819
2805961
2806078
2806188
2806211
2806893
2807157
2809690
2810080
2810912
2811785
2813663
2814122
2815028
2815072
2815295
2817847
2819438
2819445
2819865
2820524
2821860
2822401
2822468
2823126
2823368
2825558
2825610
2826020
2826185
2826310
2826642
2828070
2828379
2828516
2828990
2829041
2829114
2829235
2829818
2831345
2831656
2831878
2832077
2833055
2833560
2833802
2834467
2834714
2835487
2835585
2837273
2837305
2838545
2838697
2838823
2838853
2838940
2839308
2839343
2839532
2840041
2840162
2840251
2841238
2842706
2843793
2843937
2844327
2844961
2845201
2845348
2845636
2846036
2846958
2848103
2848465
2848780
2848805
2849292
2849551
2849923
2851644
2851898
2852857
2853044
2853270
2853549
2854733
2854780
2855831
2856313
2860601
2860679
2861052
2861359
2862318
2863114
2863636
2863692
2863738
2864205
2864761
2865165
2866178
2866935
2867698
2867967
2868331
2868573
2868801
2869410
2869805
2870391
2871085
2871121
2871579
2871968
2873155
2873177
2873607
2874044
2874216
2874294
2874548
2874820
2875090
2875553
2876674
2877914
2878400
2878601
2878840
2879172
2879421
2879859
2879947
2880044
2880579
2880599
2881556
2883636
2884247
2884670
2885103
2887139
2887263
2887979
2888031
2888385
2889641
2890458
2891303
2892686
2892894
2893070
2893566
2893694
2893857
2894180
2894274
2895454
2895607
2895630
2896522
2896897
2897318
2897413
2897483
2898260
2898365
2899045
2899625
2899752
2900209
2900518
2901045
2901459
2901489
2901562
2901825
2902625
2903299
2903775
2905164
2905295
2905657
2905930
2906163
2906241
2906578
2906854
2907096
2907118
2907620
2907941
2908237
2908310
2908503
2908584
2908853
2908916
2910379
2910884
2911034
2911060
2911537
2911744
2911907
2912865
2913410
2913575
2913729
2913869
2914016
2914136
2914276
2916330
2916587
2916894
2916923
2916939
2917757
2918190
2918752
2918783
2918816
2919568
2919585
2920241
2921178
2921672
2921797
2922553
2923380
2924663
2926622
2927002
2929223
2929237
2929400
2930194
2930879
2930901
2932838
2932887
2933774
2934613
2935101
2937317
2937432
2937798
2938864
2939226
2939803
2940675
2942243
2942875
2943045
2943155
2943723
2945623
2945741
2946297
2947092
2947389
2947600
2948668
2949001
2949376
2949587
2949719
2949734
2950534
2952103
2952387
2953548
2953632
2953991
2954448
2954671
2955124
2955179
2955200
2955288
2955773
2956989
2957418
2957497
2958431
2959085
2959765
2959871
2960448
2960500
2961010
2961116
2961471
2961503
2961843
2962189
2962251
2962393
2962501
2964586
2966895
2967676
2967894
2969346
2969393
2969741
2970342
2971151
2971933
2972010
2972347
2972451
2972554
2972938
2973047
2973085
2973160
2974012
2974263
2974704
2975314
2975636
2976571
2978439
2978649
2978662
2978979
2979423
2980508
2980609
2980609
2980817
2981307
2983443
2984285
2984352
2985643
2985861
2986226
2986642
2986747
2986984
2987080
2987434
2987513
2988823
2989963
2990291
2990999
2991042
2991703
2993464
2993469
2994187
2994963
2995452
2996027
2996683
2996918
2997012
2997180
2997720
2997880
2997993
2998352
2999394
2999537
3000510
3000765
3002249
3002312
3002325
3002616
3003061
3003148
3003920
3004039
3005856
3006002
3006114
3006403
3007128
3007159
3008124
3008294
3008704
3009680
3009905
3010317
3010599
3010970
3011535
3011830
3012133
3012275
3012399
3012951
3013441
3013813
3013834
3015135
3015722
3015921
3016381
3016538
3017043
3017224
3017629
3019187
3019391
3019989
3020372
3023910
3024281
3024380
3026597
3026742
3027832
3028178
3028509
3028970
3029566
3029701
3030019
3030325
3031801
3031860
3033257
3034016
3034159
3034609
3035139
3035240
3036185
3036212
3036350
3037258
3037419
3038054
3041486
3041985
3042160
3043433
3044641
3044692
3044730
3044864
3045629
3046932
3047191
3047330
3048020
3048726
3049479
3049596
3049738
3049888
3050991
3051355
3051484
3051565
3051975
3052341
3053006
3053617
3053757
3053775
3054034
3054045
3054900
3055485
3055626
3055850
3056089
3057526
3058952
3059866
3060525
3062062
3062864
3063421
3064415
3064481
3064524
3064553
3064642
3064667
3065716
3066029
3066132
3067582
3067643
3069134
3069477
3070778
3071235
3071811
3072239
3073236
3073842
3073911
3076015
3076773
3076920
3076938
3077932
3078749
3079068
3080636
3080704
3082035
3085273
3085533
3086309
3088915
3089031
3089224
3089865
3089983
3091318
3091374
3091597
3091626
3091955
3092763
3093684
3093714
3093727
3094380
3095008
3095187
3095360
3095673
3095864
3095957
3096230
3096620
3097039
3097630
3098047
3098128
3098185
3099357
3099442
3100535
3102175
3103130
3103215
3104638
3104654
3104761
3105109
3106996
3108195
3108531
3108605
3108804
3109575
3109614
3109691
3110005
3110460
3110666
3111382
3111458
3111937
3112078
3112265
3112707
3112943
3113540
3114090
3118158
3118245
3118312
3118486
3119672
3120130
3120259
3120886
3121044
3123302
3123382
3123739
3123741
3124780
3124936
3125909
3126163
3126996
3127744
3127753
3128032
3128128
3128907
3129236
3129247
3130868
3130960
3131133
3131154
3131853
3132177
3132573
3132589
3132798
3132812
3134835
3135448
3136003
3137162
3137216
3137553
3138478
3140074
3140135
3141110
3141228
3141331
3141755
3142458
3142869
3142898
3143202
3143910
3144131
3144306
3144431
3144518
3144843
3145107
3145299
3145837
3146000
3146706
3146773
3146945
3148660
3148767
3148986
3150224
3150849
3151350
3151433
3152210
3153140
3153200
3153351
3154841
3155759
3156994
3157347
3157789
3157889
3158909
3160124
3160695
3161235
3161490
3161674
3161903
3162385
3162536
3163164
3163277
3163355
3163508
3163809
3164113
3164598
3164807
3164886
3165086
3165654
3165999
3166146
3166235
3166575
3167012
3168034
3168754
3169151
3169686
3170155
3170285
3170606
3170871
3171116
3171138
3171242
3171266
3171396
3171556
3172410
3173253
3174211
3174279
3174738
3175448
3175690
3175929
3176022
3176488
3177038
3177114
3177125
3177742
3177783
3178244
3178561
3178629
3178856
3179801
3179846
3181076
3182255
3184014
3184048
3185156
3185264
3186595
3188196
3188326
3192635
3192965
3193760
3196413
3196577
3196712
3196908
3197287
3197858
3197985
3199283
3200403
3200633
3200673
3201428
3201851
3202093
3203819
3204022
3204267
3204559
3205503
3205596
3205691
3206620
3206713
3206841
3207388
3207906
3207955
3208290
3208345
3209385
3209462
3209507
3209582
3209768
3210064
3210531
3211035
3211462
3211894
3212489
3212510
3212533
3212538
3212557
3212562
3213354
3215059
3215078
3215286
3215852
3216020
3216581
3217350
3217400
3217674
3217754
3218233
3219940
3220218
3220887
3221265
3221464
3221649
3221676
3221824
3221959
3222366
3222513
3223118
3223460
3224162
3224362
3225211
3225215
3225570
3226217
3227106
3227219
3227442
3227530
3227993
3228710
3229418
3229431
3229457
3229478
3229574
3230042
3230093
3230313
3231380
3231893
3232006
3232015
3232319
3234474
3235350
3235385
3235425
3235624
3236109
3236319
3236804
3237205
3237259
3237713
3238078
3238121
3238161
3239891
3240797
3241345
3243756
3244539
3246274
3246718
3246928
3246988
3247669
3247852
3248339
3248870
3249734
3250064
3250351
3250434
3250882
3251378
3253155
3253680
3253840
3254044
3254074
3254121
3254289
3254452
3254590
3255244
3255760
3256494
3256642
3257161
3257482
3257842
3257990
3258858
3259111
3259978
3260309
3260334
3260368
3261150
3261226
3264812
3265577
3266215
3267229
3267297
3268076
3268469
3268519
3268607
3268614
3268688
3269036
3269063
3269206
3269465
3270203
3270433
3270678
3270901
3271251
3271904
3272377
3272458
3272764
3273660
3273844
3275217
3275298
3276901
3277270
3277948
3278387
3278397
3278547
3279231
3279730
3279757
3280521
3280585
3281863
3283636
3284154
3284259
3285049
3286221
3287055
3287484
3287590
3287699
3287908
3288257
3289030
3289539
3289734
3290043
3290975
3291066
3291204
3291462
3291830
3292119
3292268
3295532
3295908
3296301
3297041
3297702
3300419
3301463
3301605
3301729
3301983
3302499
3302590
3304553
3304902
3305811
3306221
3306976
3307028
3307898
3308099
3308125
3308211
3308524
3308607
3308847
3309092
3310249
3310319
3310355
3310451
3310477
3310516
3310622
3310631
3311005
3311180
3311818
3312001
3313383
3313631
3314230
3314553
3314661
3314870
3315802
3315869
3316025
3316071
3317736
3318116
3318231
3318749
3318757
3319027
3319342
3319490
3320068
3321079
3321265
3321484
3321811
3322351
3322402
3323869
3324035
3324146
3324656
3325037
3325690
3326166
3326404
3326520
3327421
3327528
3327973
3328879
3328978
3329019
3329161
3329315
3329541
3330331
3331288
3331496
3331608
3331684
3332227
3332362
3332815
3332908
3333609
3335218
3335648
3335680
3335702
3336022
3336278
3337642
3337977
3338299
3338774
3340501
3341351
3343164
3343875
3345664
3346070
3346677
3347189
3348192
3348509
3348762
3349308
3350159
3350169
3350321
3350653
3350656
3351208
3352519
3353292
3354088
3354169
3354716
3355851
3356461
3357565
3357681
3357981
3359105
3359112
3359124
3359768
3360934
3361132
3362468
3364062
3364082
3364999
3365056
3365064
3365251
3365678
3367987
3368101
3369071
3369463
3369663
3371278
3371808
3371927
3372217
3373800
3374464
3375042
3375125
3375419
3375493
3375644
3375811
3375890
3377029
3378272
3378510
3379461
3379516
3379518
3381176
3381359
3382304
3383005
3383467
3383540
3383733
3383955
3384260
3384998
3386291
3387380
3388240
3388272
3388622
3389006
3389910
3389991
3390780
3391294
3391327
3391700
3391715
3391790
3393665
3394714
3395365
3395451
3395649
3395688
3395927
3397073
3398533
3398719
3399519
3400037
3400229
3400595
3401915
3402225
3402720
3403074
3404918
3405887
3406132
3406337
3407279
3408501
3408711
3409293
3410387
3411560
3411694
3411919
3412122
3412133
3412193
3412234
3412330
3412697
3413642
3413823
3414772
3414803
3415763
3416020
3416230
3416684
3416886
3417327
3418228
3418257
3419658
3419669
3419733
3419847
3420269
3420373
3420834
3420973
3421306
3421585
3422002
3422123
3422299
3422779
3423169
3423264
3423778
3424158
3424229
3424245
3424408
3424496
3425087
3425994
3426234
3426661
3428221
3428961
3430352
3430610
3431060
3431235
3431256
3433679
3434329
3435005
3435971
3436152
3436628
3437123
3437194
3437242
3437913
3438263
3438524
3438528
3438730
3438804
3438814
3439024
3439377
3439397
3439697
3440154
3440257
3440337
3441029
3441828
3442640
3443777
3444318
3444399
3445061
3445872
3446779
3446800
3446802
3447432
3449187
3449308
3449607
3450043
3450589
3450712
3450818
3451172
3452396
3453152
3453440
3453473
3453653
3454075
3454816
3455474
3455605
3455691
3456107
3456332
3456623
3456624
3457022
3457157
3457305
3458042
3458534
3458603
3458636
3459309
3459543
3459870
3460645
3461294
3461401
3463757
3463885
3464385
3464918
3465140
3465785
3466414
3466843
3467516
3468189
3468443
3469095
3469236
3469926
3470082
3471311
3471978
3472042
3472160
3472447
3472846
3475012
3475452
3475662
3475899
3476841
3477243
3478332
3478855
3479102
3480004
3480613
3481090
3481723
3483400
3483838
3484970
3484975
3485573
3485778
3485857
3488684
3488985
3489194
3492481
3492901
3493001
3493420
3494783
3495223
3495548
3498057
3498460
3498934
3499091
3500186
3500269
3502011
3502328
3502633
3502895
3503936
3504727
3504744
3505026
3505830
3506343
3506435
3506782
3507284
3507827
3507871
3508692
3508727
3509552
3509593
3510056
3510097
3510436
3512948
3513030
3513474
3513712
3513855
3515480
3516020
3516038
3516055
3517295
3517551
3518260
3518263
3518332
3518923
3519589
3519827
3519851
3520006
3520522
3520895
3521101
3521803
3522158
3522841
3523854
3525376
3525586
3526821
3526992
3528077
3528658
3529121
3529483
3529517
3529730
3530193
3530247
3530384
3530398
3530580
3530951
3531108
3531550
3532519
3532701
3533212
3533603
3533729
3533843
3534239
3535490
3535608
3536085
3536436
3537161
3537386
3537618
3540509
3541599
3541690
3541964
3542247
3543789
3543883
3544361
3545524
3545733
3546264
3547595
3547696
3548384
3548598
3549865
3550121
3550435
3551631
3552056
3552318
3552351
3552953
3553575
3553941
3554083
3554711
3555501
3555545
3555883
3558977
3558991
3559837
3559929
3560049
3560815
3560832
3561735
3561991
3562208
3562591
3563762
3563766
3564447
3566264
3567430
3567509
3567925
3568410
3569005
3569467
3569823
3570429
3570470
3571303
3571636
3572009
3572573
3573347
3574522
3574833
3575328
3575921
3576201
3576870
3576982
3577020
3577792
3578358
3578645
3578737
3578963
3579270
3579961
3581025
3581277
3581541
3582117
3583344
3583966
3584302
3585104
3585402
3585474
3585811
3586771
3587199
3587624
3587729
3587896
3588192
3588903
3588953
3589765
3590031
3590632
3590707
3591410
3591435
3592155
3592269
3592299
3594027
3594486
3594598
3594952
3595048
3595165
3595944
3596254
3596309
3596890
3596978
3597128
3597198
3597950
3598042
3598086
3599659
3600880
3601168
3601405
3602002
3602599
3603182
3603412
3604559
3604583
3604723
3605116
3606234
3607536
3607750
3607895
3608230
3608458
3609082
3609659
3610001
3610270
3610380
3611707
3612030
3613476
3613836
3613945
3614105
3614232
3615743
3615765
3616344
3616783
3616853
3616987
3617052
3617133
3617645
3617788
3618363
3619866
3620070
3621343
3621551
3622592
3623801
3624081
3624088
3624518
3625195
3626018
3627755
3627784
3628119
3628586
3628924
3629548
3629585
3629895
3631107
3631656
3631799
3632170
3632561
3632577
3632779
3634058
3634142
3635102
3635105
3635914
3636105
3636238
3636240
3636546
3636753
3636946
3637042
3637198
3638291
3639368
3639801
3639931
3640011
3640377
3642130
3642159
3643199
3643556
3644456
3644527
3645740
3645861
3646682
3646765
3647984
3648121
3648526
3649475
3650063
3650463
3651030
3651265
3651505
3652666
3653213
3653636
3654192
3654249
3654521
3654742
3655091
3655106
3655406
3655509
3655517
3655847
3656180
3656348
3656496
3656998
3657048
3657548
3657857
3658119
3658353
3659640
3660268
3660441
3660805
3661039
3662806
3663016
3663558
3663573
3663657
3664132
3664304
3664632
3664780
3665385
3665759
3665914
3666174
3666542
3667408
3668239
3668322
3668409
3669830
3669947
3670355
3671018
3671437
3671441
3671516
3672660
3672764
3672771
3673012
3673363
3673934
3674119
3674890
3675103
3675439
3678241
3678851
3679358
3679515
3680272
3680452
3680947
3681611
3681783
3682672
3683526
3683794
3684668
3684889
3685631
3685866
3685923
3687646
3687844
3688342
3688699
3689452
3690117
3691832
3692470
3692857
3692901
3693083
3693488
3693928
3694346
3694449
3696538
3697149
3697639
3697724
3698817
3699865
3700063
3700130
3700194
3701748
3701951
3702033
3702045
3702226
3702388
3702994
3703557
3704135
3704422
3704598
3704636
3704639
3705173
3706207
3706393
3707608
3708335
3708788
3710204
3710309
3710763
3711354
3711487
3713016
3713305
3713649
3713687
3714113
3714120
3714574
3715718
3716076
3716572
3716652
3717804
3717937
3717958
3718625
3719580
3720639
3720931
3721156
3721686
3722061
3722430
3724235
3724286
3724911
3725133
3725224
3725491
3725497
3725861
3725992
3726296
3727288
3727380
3727933
3728199
3728666
3729242
3729508
3729787
3729902
3730384
3731022
3731284
3731328
3731470
3732522
3732566
3733113
3733185
3733668
3733684
3734308
3734468
3735184
3735571
3735874
3736688
3736755
3737236
3738005
3738099
3738670
3738933
3739220
3739645
3739685
3740018
3740090
3741039
3741427
3741615
3741631
3742106
3743200
3743268
3743712
3744127
3744297
3744609
3746166
3746598
3747463
3747860
3748511
3748774
3748938
3749211
3749359
3749714
3750210
3751154
3752914
3752972
3753364
3753693
3754014
3755297
3755354
3755627
3755708
3757024
3757176
3757230
3757959
3758206
3758431
3759194
3759529
3759708
3760107
3760270
3760305
3760728
3761146
3761363
3762742
3763150
3763838
3763841
3763931
3764039
3765296
3766265
3766925
3766945
3767003
3767600
3767793
3768563
3768636
3768869
3769318
3769875
3771037
3771479
3774188
3774786
3774833
3775668
3775710
3775739
3776151
3776785
3777119
3777580
3777944
3778710
3779370
3779570
3780125
3780681
3781762
3781997
3782520
3782558
3782614
3783475
3783705
3784395
3784583
3784786
3785006
3785215
3785675
3786326
3786551
3786813
3786991
3787125
3787232
3787584
3787606
3787810
3788169
3788382
3788583
3789839
3790325
3791381
3791843
3792251
3792677
3792900
3793054
3793325
3793409
3794792
3794978
3795745
3796026
3796542
3796711
3797640
3797750
3799165
3799870
3800732
3800870
3801532
3802605
3802976
3804015
3804629
3805592
3805867
3808288
3809921
3810010
3810277
3811276
3811373
3811458
3812664
3812793
3812925
3813674
3814671
3814709
3815116
3815173
3815275
3815357
3815576
3817420
3818719
3818850
3819267
3819793
3820290
3820554
3820735
3821772
3822091
3822441
3822748
3823332
3823790
3824545
3824601
3824668
3825265
3825653
3825719
3826084
3826554
3826823
3827241
3827248
3827361
3827918
3827999
3828552
3829224
3829350
3829816
3829997
3831187
3831796
3832719
3833548
3834238
3834761
3835030
3836380
3836584
3836805
3836807
3837075
3837235
3837384
3838516
3838561
3838561
3839143
3839336
3840547
3841328
3841723
3842138
3842566
3843181
3845143
3846441
3846792
3847106
3847465
3848068
3848176
3849297
3849898
3849965
3850232
3852591
3852858
3853035
3853810
3853973
3854329
3854444
3854719
3855377
3855405
3855447
3855459
3856592
3858915
3859146
3859236
3859477
3859767
3860164
3861685
3862203
3862879
3863129
3864008
3864423
3865428
3866539
3867067
3867534
3867920
3868859
3870016
3870213
3870301
3870322
3871047
3871145
3871485
3871502
3871662
3871977
3872043
3872220
3872403
3872712
3873660
3873980
3874614
3875322
3875411
3876096
3878064
3879576
3879809
3879891
3879902
3879916
3880003
3880160
3880602
3880763
3880795
3881060
3881230
3881267
3882059
3882727
3882852
3885739
3885948
3886162
3888128
3888527
3889026
3889591
3890108
3891337
3891655
3893255
3893395
3894795
3895026
3895112
3896033
3896615
3896796
3898270
3898442
3898988
3900677
3900700
3900935
3901456
3901601
3901639
3901647
3901660
3901668
3902820
3904198
3905046
3905303
3906356
3907048
3907145
3907294
3907420
3907513
3907771
3907934
3908073
3908209
3908817
3910281
3910412
3911247
3911695
3912184
3912290
3912300
3912520
3912741
3913611
3915917
3916238
3916864
3917271
3917317
3918953
3919055
3919136
3919951
3920054
3920341
3921654
3921767
3921816
3922252
3922360
3922502
3923640
3923692
3924010
3924822
3924835
3925011
3925569
3925649
3925784
3925802
3926338
3926662
3927138
3927536
3928181
3928474
3929877
3930248
3930482
3930482
3930631
3931066
3931151
3931467
3931724
3932338
3934086
3934153
3934702
3935122
3935362
3935494
3936067
3936357
3937015
3937148
3937314
3938764
3939088
3939099
3939173
3939179
3939935
3941120
3941423
3941615
3942690
3944232
3945292
3945563
3945577
3945984
3946056
3946598
3946696
3946983
3947076
3947430
3947724
3948000
3948131
3948246
3948543
3948584
3948829
3949237
3950206
3950358
3950650
3950967
3951149
3951364
3951432
3952289
3952536
3953312
3953849
3955040
3955252
3957011
3957848
3958033
3958315
3959647
3959926
3959996
3960194
3961770
3962096
3962376
3962403
3962761
3962915
3963137
3963447
3964097
3964278
3964400
3965008
3965275
3965303
3965999
3967461
3968283
3968450
3968851
3969661
3971006
3972699
3972984
3973249
3974950
3975553
3975939
3976717
3976738
3977005
3977717
3978047
3978622
3978730
3978919
3980055
3981332
3981473
3981768
3981803
3981869
3982161
3982255
3982288
3982622
3983093
3983257
3983944
3984481
3984710
3985451
3985573
3985750
3986089
3986172
3986431
3986550
3987149
3988173
3989229
3989487
3989732
3990335
3990849
3991318
3991469
3992998
3993130
3993415
3993811
3993948
3994518
3994521
3994708
3994913
3995230
3996071
3996949
3999041
3999491
3999947
4000730
4001129
4001149
4001477
4001574
4002158
4002508
4002986
4003466
4003732
4005205
4005642
4006171
4006310
4006442
4006477
4006726
4007219
4007261
4007361
4007947
4008686
4009895
4010515
4011071
4011848
4011991
4012504
4012714
4013462
4014758
4015032
4015275
4015481
4016664
4016781
4017283
4020704
4021663
4022379
4022591
4022637
4023424
4023879
4023994
4026075
4026212
4026307
4027048
4027062
4027937
4028631
4029134
4029472
4030188
4031053
4031095
4031339
4031362
4032842
4032967
4033302
4033510
4035949
4036068
4036224
4036472
4037350
4037645
4038078
4038616
4038848
4038969
4039106
4041005
4041952
4042067
4042073
4042579
4042919
4043031
4043085
4046006
4046413
4046511
4046575
4047965
4048359
4048696
4049326
4049333
4051332
4051837
4052017
4052099
4052261
4052750
4052785
4053222
4053338
4055582
4055772
4056095
4056756
4057896
4059680
4060078
4060108
4061175
4061825
4062084
4062370
4062632
4062702
4062937
4064271
4064427
4065822
4066103
4066188
4066540
4067279
4067628
4067679
4067702
4067751
4068060
4068298
4068855
4069441
4070576
4071008
4072126
4072485
4073358
4074118
4074330
4074577
4075153
4075236
4075576
4076267
4076454
4076487
4076712
4077043
4077162
4077819
4077999
4079918
4080088
4080342
4081212
4081967
4083090
4083595
4084023
4084457
4085032
4085229
4085231
4085359
4085582
4085648
4085966
4086755
4087366
4087521
4087895
4088464
4089150
4089163
4090976
4091299
4091324
4091514
4091584
4092140
4092720
4092891
4093470
4094031
4094715
4095459
4095536
4095554
4095798
4096283
4096297
4096795
4097159
4097273
4097769
4098110
4098356
4098641
4099047
4100001
4100257
4100860
4100951
4102867
4103386
4104045
4104926
4105059
4105119
4105148
4106677
4108527
4108809
4109767
4111203
4111937
4112327
4112525
4113750
4114621
4114636
4114890
4115090
4115659
4116087
4116343
4116732
4116819
4117935
4119372
4119550
4119948
4121735
4121870
4121908
4122286
4122754
4125896
4126265
4127135
4128106
4128137
4128232
4128433
4128794
4129151
4130058
4131464
4131629
4131689
4132330
4132514
4133310
4133378
4134468
4134518
4134662
4134879
4135845
4135979
4137146
4137164
4137240
4137622
4137663
4137706
4138893
4139583
4139667
4139756
4140909
4141547
4143288
4143694
4143725
4143806
4143900
4144301
4144471
4144959
4144959
4145758
4145847
4146367
4147007
4147337
4147382
4147567
4147640
4148208
4148842
4148980
4149788
4149949
4150772
4151151
4152410
4154567
4155025
4155680
4156272
4156395
4157465
4157814
4158189
4158198
4158897
4159234
4159946
4160015
4160552
4160595
4160858
4161569
4162056
4162248
4162404
4163388
4164269
4165663
4165914
4167106
4167448
4167472
4168577
4171332
4172134
4172168
4173738
4174305
4174609
4175189
4175881
4176683
4176876
4177778
4177819
4178066
4178309
4179198
4179878
4180258
4180948
4181020
4181138
4181902
4181915
4182958
4183008
4184023
4184387
4184873
4185312
4185707
4186329
4186338
4186564
4186583
4186934
4187149
4187426
4187924
4188008
4188611
4189450
4189597
4189781
4189989
4190405
4191486
4191521
4192082
4192096
4192418
4193183
4193791
4194038
4194347
4195012
4195305
4195555
4195778
4196859
4197783
4198061
4198113
4198376
4198442
4198669
4198796
4199312
4199557
4199663
4199927
4200272
4201058
4201971
4202064
4202202
4202351
4202567
4203364
4204789
4205678
4205927
4206671
4209477
4209927
4210245
4210326
4210672
4210767
4210827
4210828
4212125
4212691
4212830
4213207
4213318
4213432
4213444
4213781
4213841
4214077
4214511
4214758
4215760
4216386
4217112
4217545
4219506
4219918
4220669
4220857
4221167
4221906
4222105
4222216
4223389
4223935
4224892
4226914
4227904
4228144
4228578
4228779
4229033
4229478
4229611
4230039
4230339
4233385
4233395
4233910
4234597
4234680
4234709
4234716
4234925
4235606
4237423
4238011
4238312
4240265
4240525
4241324
4241710
4241994
4242449
4242918
4244209
4244366
4245632
4246099
4246796
4247926
4248027
4248817
4248896
4248902
4248968
4249017
4249466
4249546
4250468
4251245
4251349
4251392
4251928
4251964
4253767
4253805
4253885
4254148
4254325
4254671
4254931
4255286
4255765
4256799
4257193
4257796
4257846
4258003
4258086
4259388
4259477
4260131
4260223
4260267
4260362
4261049
4261937
4262250
4262990
4263116
4263253
4265076
4265646
4266207
4266289
4266373
4266619
4266973
4267137
4268033
4268183
4268366
4268950
4269121
4269191
4269355
4269726
4270258
4270527
4270765
4270835
4273404
4273858
4274548
4274577
4275396
4275663
4275673
4276061
4276951
4277059
4278043
4278049
4278510
4278844
4279051
4279403
4279922
4280016
4280129
4280324
4280590
4280651
4281526
4281770
4282310
4282998
4283603
4283941
4284183
4284611
4284844
4284873
4285058
4285177
4285409
4286436
4287495
4287543
4287929
4288760
4289449
4289696
4290078
4290222
4291132
4291389
4292394
4292652
4293094
4293096
4293699
4293868
4293955
4294002
4295670
4296237
4296280
4296469
4296621
4298597
4298764
4299216
4299274
4300514
4300878
4301409
4302337
4303186
4303753
4303868
4304231
4305503
4306064
4306669
4306673
4306802
4306857
4307314
4307577
4307628
4308710
4309045
4309788
4309801
4310635
4310866
4311619
4311752
4314266
4315246
4315910
4316229
4316733
4318404
4318447
4319113
4319663
4322122
4322192
4322942
4323366
4323730
4324211
4324516
4324573
4324923
4325692
4325939
4326197
4326327
4326408
4326455
4326731
4326962
4327054
4327615
4327627
4328176
4328270
4329307
4329343
4329361
4329532
4329892
4330728
4330956
4331017
4331249
4331420
4331614
4331650
4332133
4332882
4333268
4333491
4333714
4333778
4333892
4334595
4334885
4335141
4335756
4337145
4338263
4338898
4339663
4340013
4340466
4342166
4342556
4343042
4343084
4343449
4343822
4346128
4346381
4346389
4346617
4346830
4347374
4347855
4348073
4348091
4349093
4349848
4349962
4350691
4350955
4351868
4353125
4353340
4353756
4355577
4355933
4355962
4356230
4356874
4358090
4358670
4358693
4359054
4360200
4360277
4360547
4361331
4362479
4362720
4363469
4363490
4363611
4363650
4363947
4364164
4364192
4364679
4364740
4365426
4367173
4367279
4368309
4369581
4369835
4370199
4370255
4370433
4370544
4370619
4371038
4372411
4372655
4372705
4372766
4373051
4373854
4373938
4374385
4374578
4374851
4375739
4375886
4376438
4376438
4377278
4378079
4378116
4378225
4379017
4379273
4379318
4379468
4380025
4380152
4380871
4381348
4381526
4381965
4382200
4382559
4383540
4383839
4384181
4384349
4384458
4384525
4384711
4384845
4385957
4386278
4386467
4386677
4386985
4388174
4388226
4388653
4388703
4389244
4389866
4389958
4390107
4391145
4391386
4392100
4392104
4393385
4395705
4395718
4396174
4396370
4396681
4398002
4399289
4400901
4401584
4401817
4402806
4403373
4405142
4405521
4405966
4406249
4406757
4406945
4407746
4407838
4408146
4408705
4408800
4408866
4410359
4410779
4411261
4414119
4414766
4414808
4415188
4415229
4415502
4415573
4415591
4417265
4418042
4418358
4418431
4418586
4419829
4420373
4420455
4420628
4421304
4421615
4421742
4422365
4422435
4422934
4423065
4423113
4423944
4424123
4424367
4424396
4425362
4425692
4425692
4425972
4426371
4427623
4429101
4429518
4429696
4429894
4430095
4430475
4432085
4432099
4432419
4432889
4433545
4434248
4434396
4434863
4434887
4434971
4435976
4436028
4436119
4436410
4437640
4437659
4438056
4438098
4438771
4438984
4439730
4439815
4440010
4440624
4440651
4441455
4441492
4442396
4442945
4444270
4445094
4445460
4445941
4446244
4446921
4447409
4448086
4448930
4449799
4451132
4451714
4452124
4452723
4452723
4452791
4453560
4454070
4454078
4454540
4454689
4454961
4455733
4456557
4457034
4457054
4457334
4457578
4457957
4459400
4460248
4461371
4461512
4461594
4461879
4461892
4462116
4462884
4463092
4463548
4463626
4463787
4463913
4464136
4464855
4465129
4465165
4465909
4466004
4467283
4467719
4467864
4467894
4467967
4468294
4468696
4468973
4469542
4470119
4470333
4470990
4473020
4473776
4473943
4474216
4474405
4474754
4475552
4476356
4477243
4477458
4477854
4478182
4478789
4479280
4479902
4482054
4482839
4483714
4484135
4484140
4485618
4485727
4486085
4486149
4487048
4487158
4488047
4488233
4489062
4490697
4491228
4492028
4492142
4492486
4493470
4493774
4494711
4494821
4495348
4495571
4496803
4497165
4498766
4499160
4501590
4501924
4502383
4502386
4502602
4503797
4504387
4505940
4506981
4508025
4508999
4509716
4510758
4511052
4511059
4511626
4511825
4513446
4513728
4514550
4515315
4515744
4516424
4519791
4520492
4520699
4520700
4521250
4522083
4522251
4522766
4522843
4522866
4523675
4523768
4524815
4525827
4527427
4528024
4528643
4528675
4528965
4529704
4529784
4529846
4530554
4531792
4532112
4532388
4532518
4533111
4533888
4534072
4534112
4534134
4534370
4534895
4535275
4535747
4536481
4536914
4538108
4538560
4539482
4539717
4540097
4541404
4541464
4541547
4541895
4541913
4544389
4544436
4546365
4546506
4546515
4547064
4547066
4547521
4548371
4548471
4549852
4550252
4550924
4551020
4551032
4551842
4553393
4554669
4554886
4555036
4556082
4556627
4557183
4557301
4557325
4557418
4557693
4559213
4559662
4560032
4560032
4560082
4560120
4560401
4560598
4560957
4561138
4562028
4562638
4563189
4563509
4563806
4563854
4564032
4564133
4564734
4565020
4565524
4565656
4566149
4567022
4567226
4567307
4567680
4568580
4570042
4570236
4572595
4573321
4573383
4573920
4575548
4575582
4576132
4576310
4577847
4578924
4580877
4582100
4582455
4582525
4583264
4583504
4583692
4584095
4585146
4585194
4585195
4585923
4586066
4586229
4586353
4587044
4588152
4588546
4588606
4589060
4589577
4589774
4590797
4591545
4591581
4592093
4592600
4593047
4593355
4593671
4593930
4594062
4594875
4595597
4595852
4596076
4597237
4597247
4597425
4597957
4598382
4598664
4598945
4599007
4599246
4600494
4601494
4601714
4601939
4602002
4602520
4606195
4606965
4607294
4607615
4608034
4608280
4609765
4610351
4610585
4610626
4610892
4610955
4613413
4613531
4613819
4614500
4614993
4615718
4616070
4616122
4616727
4617318
4618223
4618657
4619467
4620439
4621427
4621630
4622665
4622802
4623743
4623826
4624158
4624339
4624685
4624913
4625348
4626265
4627547
4628283
4628904
4631197
4631512
4631652
4632101
4632514
4632584
4633256
4633938
4633978
4634277
4634392
4634407
4635117
4635581
4636175
4636339
4637257
4637763
4638231
4638441
4638677
4638718
4639038
4639575
4640406
4640498
4641759
4642263
4643278
4643416
4643549
4644108
4644202
4644819
4645610
4646701
4646946
4649426
4650338
4650398
4650751
4651594
4652348
4652659
4653580
4653618
4654646
4655000
4655051
4655080
4655416
4655591
4656125
4656926
4656942
4657349
4657380
4660365
4661115
4661567
4661687
4662685
4662692
4663197
4663349
4664199
4664331
4665163
4665206
4665879
4666398
4666404
4666602
4667053
4667705
4667974
4668090
4668353
4668418
4668737
4668905
4669729
4670118
4670463
4671021
4671361
4671707
4671828
4672259
4672641
4673242
4673267
4674009
4674276
4674293
4674570
4674914
4674957
4675002
4675398
4675605
4675894
4676060
4676099
4676208
4676480
4676638
4676865
4676957
4677403
4678406
4679231
4679244
4679315
4681086
4681474
4681569
4681993
4683241
4683257
4683833
4684206
4684620
4684705
4684777
4684830
4685573
4685657
4685969
4686373
4687213
4687376
4687646
4688453
4690193
4690475
4691006
4691279
4691698
4692015
4693414
4693751
4695270
4695387
4695444
4695793
4696232
4696591
4697260
4697648
4698187
4698589
4699044
4700213
4700731
4700891
4701089
4702178
4702549
4703666
4703672
4703683
4703687
4704177
4705453
4705603
4705709
4705735
4706072
4706730
4707593
4708413
4708507
4709162
4710958
4711105
4711717
4711843
4713032
4713548
4713923
4714496
4714643
4715137
4716442
4716865
4717085
4718366
4719060
4719215
4719487
4719504
4719827
4720267
4720307
4721070
4721306
4721630
4723380
4723603
4723641
4723682
4724361
4724648
4724942
4725805
4726698
4726802
4726825
4728762
4728942
4729649
4729917
4730157
4730444
4730541
4730817
4733288
4733393
4735167
4735378
4737235
4738074
4738417
4738983
4739311
4739871
4740331
4740501
4741512
4741538
4741610
4742011
4742084
4742115
4742214
4742299
4744054
4744460
4745630
4745937
4746905
4747229
4747792
4747876
4748162
4748451
4748791
4748849
4748901
4749625
4749853
4750451
4750559
4751115
4751393
4751394
4752087
4752170
4752549
4753552
4753862
4754010
4754491
4754750
4755631
4756356
4756731
4757349
4757364
4757374
4757612
4758056
4758526
4758710
4759225
4760047
4760094
4761154
4761493
4762287
4762567
4762621
4762844
4762897
4763046
4764119
4764292
4764480
4766021
4766189
4766739
4767634
4767882
4768642
4768971
4769360
4770177
4770372
4770902
4771575
4772508
4773474
4773476
4773952
4774145
4774363
4774423
4775073
4775179
4775872
4776554
4776618
4776984
4777202
4778005
4778669
4779428
4779941
4780378
4780773
4781239
4781947
4782626
4782729
4782807
4783244
4783570
4783638
4783690
4783716
4784139
4786236
4786772
4786856
4787035
4787481
4788147
4788863
4789088
4789135
4789242
4789583
4789805
4790003
4791162
4791567
4792392
4793235
4793331
4793728
4793863
4793920
4794077
4794452
4795571
4795597
4797482
4797750
4798949
4799716
4800141
4800334
4801263
4802348
4802373
4803291
4803341
4803486
4804006
4804435
4804746
4804907
4805090
4805995
4807027
4807792
4807840
4808230
4808711
4808826
4809146
4810037
4811634
4812156
4812483
4813308
4814028
4814403
4815239
4815641
4815703
4816210
4816677
4816888
4816992
4817450
4818196
4818936
4819084
4819270
4819521
4819667
4821351
4821896
4822089
4822512
4824286
4825370
4825479
4825522
4826139
4827091
4827606
4829342
4829557
4829938
4830040
4830774
4831702
4832052
4832344
4832852
4833022
4834117
4834144
4834401
4834729
4834826
4835129
4836328
4836578
4836627
4836883
4838883
4840323
4841607
4842109
4842839
4842905
4843232
4843783
4844171
4844584
4844963
4845428
4846729
4847850
4848716
4848784
4848859
4848915
4849096
4849290
4849461
4850106
4850144
4850365
4850377
4850688
4851043
4851735
4852042
4852107
4852242
4853247
4853852
4854287
4854440
4855870
4856420
4856934
4857060
4857102
4857176
4858458
4859074
4859430
4859622
4860548
4860593
4861674
4861917
4862568
4863379
4863540
4864745
4865084
4865302
4865471
4865565
4866005
4866832
4867201
4867665
4868246
4868251
4868458
4868729
4869131
4869165
4869681
4869914
4870539
4870659
4870986
4871102
4872220
4872469
4875086
4875577
4875885
4877418
4877479
4878510
4879506
4879517
4879705
4880128
4880164
4880877
4881217
4881536
4881936
4882583
4882699
4883471
4884382
4884633
4884930
4885892
4887267
4887460
4887736
4887958
4888055
4888452
4888984
4889419
4889462
4890479
4890846
4891054
4892000
4892063
4892110
4892146
4892319
4892561
4892568
4893068
4893253
4893399
4895842
4896036
4896821
4898027
4898194
4898217
4898500
4898570
4898625
4898715
4899083
4899335
4899666
4900364
4902199
4902676
4903135
4903536
4903578
4904045
4904047
4904870
4904959
4904995
4905511
4906096
4906948
4907460
4908579
4909250
4909627
4909704
4911348
4911421
4911666
4912250
4912454
4912714
4913824
4914826
4915076
4915242
4915784
4916916
4916981
4917501
4918674
4918947
4919182
4919507
4919555
4920130
4920147
4920397
4920688
4920726
4920937
4921585
4921697
4922760
4922999
4923566
4924004
4924959
4925674
4925787
4925811
4926152
4926598
4926598
4927400
4928077
4928194
4928446
4928556
4928737
4929034
4929435
4930367
4931554
4932717
4933980
4934818
4935898
4936447
4937157
4937310
4937323
4938649
4938791
4939092
4939839
4940331
4940693
4940880
4940943
4941007
4941253
4941354
4941586
4941949
4942927
4943156
4943508
4943769
4944794
4944963
4945242
4945755
4946019
4946452
4946611
4947410
4947947
4948000
4948570
4950548
4951537
4951944
4952001
4952086
4953835
4954690
4954715
4955077
4955113
4955923
4958137
4958205
4959334
4960235
4960422
4960450
4960660
4962545
4962563
4962966
4963158
4963363
4964051
4964053
4964247
4964525
4964639
4964725
4965386
4965492
4966136
4966164
4966250
4966779
4968086
4968555
4968609
4969223
4970700
4971056
4971222
4972076
4972292
4972393
4972893
4972942
4973606
4973877
4974652
4975168
4975302
4976494
4976547
4976846
4977472
4977699
4977973
4977991
4978034
4978373
4979070
4979206
4979767
4980221
4980266
4982015
4982104
4982772
4982839
4983036
4984299
4984395
4985429
4986095
4986145
4988032
4988062
4988551
4989327
4989852
4989948
4989982
4991428
4992270
4992550
4992844
4992956
4993250
4993819
4993856
4994017
4995448
4995480
4995667
4996533
4997613
4997918
4998307
4999038
4999254
